Gene name,Bone_TA,Brain,Brain_female,Cerebellum_female,Embryonic_fibroblast_cells,Embryonic_stem_cells,Heart,Intestine_TA,Kidney,Liver,Lung,Muscle_TA,Ovaries,Pancreas,Skin,Spinal_cord_female,Spleen_TA,Testes
Mmu-Let-7-P1d_pri,4473.65,79377.02,32652.12,27108.54,85195.43,4312.08,14386.39,2080.19,77880.56,23624.79,94847.91,1918.49,90212.01,85375.17,73099.47,20775.64,4525.54,27226.17
Mmu-Let-7-P1b_pri,109.49,25334.93,6206.72,3579.72,29112.03,2484.74,820.16,97.67,8051.51,888.89,9048.29,94.27,23739.12,7322.24,6917.58,2935.53,141.31,2721.30
Mmu-Let-7-P1c_pri,2584.11,127674.33,39341.94,29701.57,115417.77,14013.88,20567.49,2348.82,128942.63,26027.62,146346.28,2265.65,236433.75,148331.58,152743.21,23381.32,2437.85,50268.97
Mmu-Let-7-P2c1_pri,660.94,34447.42,14604.46,11945.01,21232.79,758.33,7482.23,275.83,21387.35,9376.74,37090.32,546.83,32738.67,20108.74,14388.75,8388.29,586.59,6383.07
Mmu-Let-7-P2b1_pri,9511.14,158098.24,41725.59,33628.98,203712.04,18888.22,29766.30,4933.88,173660.75,37521.59,161446.06,6317.56,148980.71,201807.53,114530.48,28524.08,11558.18,72529.36
Mmu-Let-7-P2a1_pri,4489.59,79564.17,32668.76,27122.24,85084.29,4318.56,14494.66,2086.70,78142.74,24225.03,95132.74,1922.45,90294.25,85451.61,73254.63,20763.65,4538.93,27294.66
Mmu-Let-7-P2a2_pri,2602.91,128487.26,39451.93,29787.19,115300.20,14015.33,20819.46,2364.50,130074.63,27311.71,147596.83,2275.46,236235.61,148464.90,153216.34,23462.75,2459.03,50184.67
Mmu-Let-7-P2b2_pri,498.46,29186.29,16089.59,11361.62,29709.03,294.82,4708.97,530.70,48938.92,9567.60,43400.60,429.44,40788.29,34948.21,35116.39,7764.98,561.98,6480.54
Mmu-Let-7-P2b3_pri,570.11,525.45,2210.48,1328.54,287.32,48.30,35.66,843.40,377.13,39.21,184.81,132.20,25.42,62.04,356.29,2084.47,472.32,26.34
Mmu-Let-7-P2a3_pri,11512.44,165825.61,43817.62,35516.34,207753.13,19335.86,32744.50,5400.54,186675.39,47892.81,174785.86,7089.26,157737.64,211344.50,120351.11,29806.67,13126.83,76206.93
Mmu-Let-7-P2c3_pri,2644.50,25105.97,49520.65,55775.28,12545.46,3082.32,2498.95,1219.67,19553.73,5718.64,14047.58,992.10,13302.88,31763.31,18446.68,35208.60,4003.67,24905.29
Mmu-Let-7-P2c2_pri,5203.50,6780.02,19431.82,12230.46,17025.33,807.34,727.79,1763.17,2925.11,309.68,5777.30,1358.90,3569.84,12431.96,13543.58,11551.57,3584.94,4596.97
Mmu-Mir-1-P3_pri,137.01,6078.14,557.84,1498.36,326.62,419.53,765993.80,118.01,1246.54,134.17,23765.53,106490.14,17845.46,2362.82,203584.54,10609.99,30.83,10640.20
Mmu-Mir-1-P1_pri,137.33,6078.14,557.84,1498.36,326.62,419.53,766003.47,118.19,1246.54,134.17,23765.94,106660.06,17845.46,2362.82,203586.24,10609.99,30.89,10640.20
Mmu-Mir-1-P2_pri,1.78,92.83,12.97,724.81,907.36,10.09,2.36,0,2.47,0.71,0.42,278.43,8.60,16.25,12971.91,90.52,0.04,0
Mmu-Mir-7-P2_pri,313.62,959.57,4023.03,1186.73,153.82,2693.79,0.64,404.15,47.30,45.59,18.54,29.45,4.49,478.25,57.25,1955.09,577.04,73.76
Mmu-Mir-7-P1_pri,305.16,955.93,4007.52,1180.88,152.81,2686.58,0.64,395.13,46.47,43.70,17.71,29.36,4.49,477.51,56.19,1948.48,559.49,71.13
Mmu-Mir-7-P4_pri,0.78,225.96,1569.17,427.87,0,25.23,0,28.27,0.21,0.47,0.63,0.07,0,46.16,0.21,753.10,0.56,0
Mmu-Mir-8-P2a_pri,6.88,6.43,400.47,0.40,0,2312.46,0.21,2163.00,912.39,14.65,277.53,1.20,76.26,1247.15,812.61,0.41,28.11,55.32
Mmu-Mir-8-P2b_pri,212.26,0,47.38,0,0,11.53,0,9342.09,2.47,0,1.67,11.28,0.75,56.87,14.26,0.41,1442.22,5.27
Mmu-Mir-8-P1a_pri,9.92,1.07,721.13,1.01,0,1379.69,0.43,2349.51,364.17,7.32,110.64,1.66,81.50,983.46,519.74,2.89,35.32,47.42
Mmu-Mir-8-P1b_pri,14.34,0.64,509.33,3.02,0,792.93,0.64,766.92,62.31,2.60,132.72,0.64,97.95,807.30,285.20,4.13,14.88,42.15
Mmu-Mir-8-P3a_pri,2.90,1.29,3831.26,10.88,0,761.21,0,465.26,107.13,0.47,22.71,0.95,23.93,257.78,151.96,5.79,5.53,23.71
Mmu-Mir-9-P3_pri,11.83,7983.34,45403.14,43896.34,14.91,175.16,3.44,28.85,59.22,5.43,3.75,5.81,4.11,14.03,3.41,27946.65,4.93,79.03
Mmu-Mir-9-P2_pri,11.83,7983.56,45403.14,43896.54,14.91,175.16,3.44,28.85,59.22,5.43,3.75,5.81,4.11,14.03,3.41,27947.06,4.93,79.03
Mmu-Mir-9-P1_pri,11.83,7984.42,45405.96,43897.55,14.91,175.16,3.44,28.85,59.22,5.43,3.75,5.81,4.11,14.03,3.41,27945.00,4.93,81.67
Mmu-Mir-10-P1c-v1_pri,92072.91,10.50,21.15,271.15,474.01,45.41,82.06,123684.36,9487.85,311.81,4582.17,29415.01,591.42,389.99,2095.79,10248.73,107465.12,263.44
Mmu-Mir-10-P1c-v2_pri,92069.90,10.50,21.15,271.15,474.01,45.41,82.06,123674.65,9487.85,311.81,4582.17,29412.02,591.42,389.99,2095.79,10248.73,107458.08,263.44
Mmu-Mir-10-P1b-v1_pri,13850.66,0.21,31.30,397.46,45.40,2.16,2.15,56680.98,342.38,1.65,4.58,151644.91,314.78,57.24,162.82,61809.00,13946.75,271.34
Mmu-Mir-10-P1b-v2_pri,13849.74,0.21,31.30,397.46,45.40,2.16,2.15,56679.14,342.38,1.65,4.58,151633.32,314.78,57.24,162.82,61809.00,13946.24,271.34
Mmu-Mir-10-P2d_pri,188.46,81.04,5377.01,8360.46,205.66,5.05,12.46,125.92,17.48,2.60,38.96,782.99,289.73,38.04,58.32,20912.45,533.95,713.91
Mmu-Mir-10-P2c_pri,143.55,656.22,21022.98,27527.96,89.45,2.16,150.80,39.42,463.70,32.36,387.75,440.04,783.58,527.74,1604.36,37546.44,221.53,827.19
Mmu-Mir-10-P2b_pri,866.22,837.16,2565.55,3316.02,2672.61,739.58,73.04,726.91,569.39,30.71,670.91,1442.56,1474.07,549.53,549.75,3284.80,3055.62,2183.89
Mmu-Mir-10-P3b_pri,1446.03,1070.62,5609.40,3399.42,68.44,178.77,56.07,445.84,626.77,26.46,310.66,2037.52,320.76,181.70,578.27,2748.29,1682.62,263.44
Mmu-Mir-10-P3d_pri,250.81,1558.98,7693.54,2567.04,1418.98,106.68,107.62,80.03,337.03,20.08,246.49,493.86,834.42,231.19,1356.83,5880.15,412.69,603.27
Mmu-Mir-10-P3c_pri,247.81,1549.76,7662.23,2551.73,1414.23,106.68,105.26,79.63,332.30,19.84,245.86,491.57,825.07,227.12,1340.23,5856.18,409.76,600.64
Mmu-Mir-15-P1a_pri,609.28,18.22,331.66,262.49,30.15,248.69,1.50,94.10,36.60,4.72,16.25,57.00,10.47,73.49,103.86,416.65,402.05,55.32
Mmu-Mir-15-P1b_pri,1385.32,6.86,124.09,73.53,103.68,1401.32,1.50,161.66,18.51,0.94,10.63,35.03,44.11,91.22,309.25,264.12,855.00,231.82
Mmu-Mir-15-P1d_pri,51.04,38.59,259.74,707.28,0.34,215.53,10.74,35.01,62.92,1.89,99.80,42.19,75.14,17.36,168.99,140.54,121.86,44.78
Mmu-Mir-15-P1c-v1_pri,251.59,1.72,633.42,282.83,62.68,256.62,0.86,23.57,9.46,0.00,7.08,88.61,67.29,13.30,72.79,525.35,165.13,65.86
Mmu-Mir-15-P1c-v2_pri,30.94,133.35,32.71,16.52,952.76,1699.02,67.24,3.93,777.29,20.08,616.32,12.47,4841.28,261.84,757.69,33.48,18.60,1825.62
Mmu-Mir-15-P1c-v3_pri,30.69,133.35,32.71,16.52,952.76,1699.02,67.24,3.86,777.29,20.08,616.32,12.20,4841.28,261.84,757.69,33.48,18.44,1825.62
Mmu-Mir-15-P2a_pri,25934.80,274.84,54693.76,114185.08,211.76,4174.39,23.41,2655.80,272.87,88.82,192.73,3431.64,120.00,168.03,1052.05,81558.73,16774.64,658.59
Mmu-Mir-15-P2b_pri,25784.00,274.84,54556.42,113906.28,212.44,4174.39,23.41,2620.97,271.64,87.17,191.27,3425.02,120.00,168.40,1048.00,81277.25,16537.75,655.96
Mmu-Mir-15-P2d_pri,217.99,63.03,1172.36,8590.51,0.34,227.07,16.54,283.37,82.05,10.87,178.56,303.41,72.90,35.82,236.25,1069.72,1018.08,65.86
Mmu-Mir-15-P2c_pri,5.86,38.16,3.38,0.81,84.37,3359.84,11.60,0.48,104.67,12.76,168.77,0.32,421.70,45.79,523.79,2.89,2.83,495.26
Mmu-Mir-17-P1a_pri,818.17,7.93,212.08,167.60,107.41,1269.40,1.29,176.07,13.37,5.20,7.92,28.12,31.78,20.31,91.95,333.15,388.51,108.01
Mmu-Mir-17-P1c_pri,15.21,0,1.41,1.61,0,519.73,0,3.15,0.41,0,0.21,0.17,0,0,2.77,3.31,25.35,0
Mmu-Mir-17-P2a_pri,310.27,0,41.74,28.00,9.83,321.50,0,189.16,1.03,0,0.21,1.77,0.37,1.48,11.07,80.60,115.20,18.44
Mmu-Mir-17-P2c_pri,13.13,0,0,0.20,0,138.40,0,1.50,0.21,0,0,0.02,0.00,0,0.21,0.41,21.30,0
Mmu-Mir-17-P4a_pri,845.50,2.79,216.31,182.11,25.07,884.47,0.43,274.12,4.52,1.18,2.08,62.00,6.73,10.34,44.91,374.07,594.24,76.40
Mmu-Mir-17-P4c_pri,32.90,0.64,3.67,3.02,0.68,1211.74,0,7.64,2.47,0,0,0.50,1.12,0.00,3.83,11.99,57.98,0
Mmu-Mir-17-P1d_pri,394.41,17.79,321.22,283.64,69.46,2530.88,1.72,106.42,20.36,3.07,11.25,10.95,26.17,29.54,93.22,531.97,275.49,79.03
Mmu-Mir-17-P4d_pri,3845.41,73.96,416.26,454.26,394.39,7002.26,7.95,630.77,66.42,18.43,55.01,169.00,129.72,148.83,597.43,701.85,2195.49,387.25
Mmu-Mir-19-P1a_pri,611.49,0.21,0,0,0.68,10.09,0,302.28,0,0,0.42,10.08,0,0.37,0.85,0,928.01,0
Mmu-Mir-19-P2a_pri,2343.71,1.50,0.56,0.60,26.43,777.07,0.43,1289.14,4.32,1.42,3.54,72.14,4.11,96.39,19.79,4.55,3195.35,57.96
Mmu-Mir-19-P2c_pri,2358.51,1.50,0.56,0.60,26.43,777.79,0.43,1291.12,4.32,1.42,3.54,72.63,4.11,96.39,19.79,4.96,3211.03,57.96
Mmu-Mir-21_pri,22048.98,897.40,2713.61,2834.97,34647.66,12072.66,178.08,23033.13,4119.01,3761.09,2464.02,2353.75,1514.82,2640.17,6459.77,6806.45,63871.23,1754.49
Mmu-Mir-22-P1b_pri,11414.57,290.70,16178.14,7245.65,1957.36,523.33,159.61,5097.08,621.42,235.98,269.82,40376.58,450.11,625.61,312.44,17193.23,3740.71,706.01
Mmu-Mir-23-P3_pri,581.35,280.41,10750.64,4888.52,3218.78,1105.05,117.07,275.33,460.82,42.52,971.36,632.72,623.57,590.89,2631.29,10888.58,921.03,302.95
Mmu-Mir-23-P2_pri,217.94,281.27,13028.53,8715.61,1383.06,519.01,33.73,514.91,317.91,36.85,248.99,326.84,238.14,439.84,998.20,18794.92,543.71,102.74
Mmu-Mir-24-P3_pri,473.25,547.74,4785.33,2727.59,1456.92,1218.94,84.85,455.45,507.09,67.09,952.19,684.64,190.66,279.93,754.08,4605.42,2102.89,84.30
Mmu-Mir-24-P2_pri,473.20,547.74,4785.33,2727.59,1456.92,1218.94,84.85,455.41,507.09,67.09,952.19,684.64,190.66,279.93,754.08,4605.42,2102.91,84.30
Mmu-Mir-26-P1_pri,26066.64,1844.97,66376.20,104883.06,1037.13,2854.53,124.81,10493.51,1297.74,227.01,1565.59,50211.10,1630.34,2174.11,1351.51,62807.63,26405.64,1016.87
Mmu-Mir-26-P4_pri,26067.10,1845.18,66372.54,104879.63,1036.79,2853.81,124.81,10493.90,1298.15,227.01,1566.01,50211.82,1630.34,2174.48,1351.29,62805.97,26406.60,1016.87
Mmu-Mir-26-P2_pri,7124.92,511.30,4620.35,7661.04,647.14,2926.62,128.24,2885.50,1552.52,398.74,1091.16,2632.61,709.56,1859.46,1061.62,8148.14,8305.19,634.88
Mmu-Mir-27-P3_pri,588.99,14.36,329.40,202.66,200.58,255.90,12.89,429.41,164.09,1.65,75.22,408.26,105.80,228.97,591.47,402.18,869.89,47.42
Mmu-Mir-27-P2_pri,5732.65,175.58,1139.93,776.78,557.70,296.99,50.48,6491.51,489.40,21.26,206.90,8121.41,193.28,821.71,270.94,1653.35,5498.67,102.74
Mmu-Mir-28-P1_pri,43.41,4.07,191.21,252.61,173.14,54.06,1.50,67.13,13.37,4.49,11.88,41.23,45.61,13.30,45.76,146.74,153.18,7.90
Mmu-Mir-28-P2_pri,395.26,59.38,3551.77,2201.41,29.14,80.73,7.30,312.78,64.98,5.43,46.46,696.73,38.13,41.73,76.83,4483.90,770.02,31.61
Mmu-Mir-28-P3_pri,8.16,210.74,1802.40,460.51,11.86,901.77,0.64,8.50,6.79,0.24,2.50,7.75,146.17,21.05,187.72,1281.76,3.47,18.44
Mmu-Mir-29-P1b-v1_pri,183.93,826.44,1459.46,652.89,242.59,171.56,25.99,266.71,431.42,80.79,143.14,58.20,29.53,332.01,75.13,1627.31,739.08,126.45
Mmu-Mir-29-P1b-v2_pri,183.93,826.44,1459.46,652.89,242.59,171.56,25.99,266.75,431.42,80.79,143.14,58.22,29.53,332.01,75.13,1627.31,739.14,126.45
Mmu-Mir-29-P1d-v1_pri,187.69,871.25,1461.72,654.50,248.69,171.56,28.36,272.03,457.94,97.56,151.27,59.18,29.91,335.33,75.77,1630.21,765.27,129.08
Mmu-Mir-29-P1d-v2_pri,187.69,871.25,1461.72,654.50,248.69,171.56,28.36,272.07,457.94,97.56,151.27,59.20,29.91,335.33,75.77,1630.21,765.33,129.08
Mmu-Mir-29-P2b_pri,1163.89,22917.36,12205.59,7595.36,12657.95,4496.61,1508.65,704.22,9794.86,1868.50,9792.53,731.85,3116.37,8934.26,3384.30,9300.53,4531.26,3983.16
Mmu-Mir-29-P2d_pri,63.31,1039.11,1853.72,1402.88,52.86,367.63,90.44,101.30,623.68,146.46,346.91,207.97,56.45,918.83,162.39,2019.99,332.79,134.35
Mmu-Mir-30-P1b_pri,13489.23,3275.75,5010.10,6426.97,1443.03,5249.17,679.68,13844.50,9101.67,1816.06,7355.81,45182.96,1630.71,4545.42,2090.90,6279.44,26517.01,3780.31
Mmu-Mir-30-P1d_pri,17249.72,395.32,5584.30,4641.54,72.85,1543.32,81.84,7490.85,882.78,117.64,142.52,7945.86,117.01,247.80,260.51,6461.31,13112.57,358.27
Mmu-Mir-30-P1a_pri,11687.36,1800.59,8194.41,10000.44,401.16,1888.61,306.76,4476.82,2021.36,295.75,2441.52,7188.11,1103.96,968.69,1257.86,7856.74,14401.42,1599.06
Mmu-Mir-30-P2b_pri,4111.75,183.30,500.87,726.62,18.97,467.11,28.57,2319.86,322.43,59.53,148.35,4629.59,158.14,240.79,107.69,558.01,3769.85,173.87
Mmu-Mir-30-P2d_pri,4111.77,183.30,500.87,726.62,18.97,467.11,28.57,2320.05,322.43,59.53,148.14,4629.65,158.14,240.79,107.48,558.01,3770.13,173.87
Mmu-Mir-30-P2a_pri,1226.83,15.65,69.38,170.63,3.39,58.39,2.15,681.38,21.18,0.47,25.63,679.09,17.94,39.15,32.78,90.93,1618.88,36.88
Mmu-Mir-31_pri,12.17,146.85,1148.95,155.72,2173.86,409.44,10.10,679.98,42.98,155.20,132.10,1.09,91.97,77.92,216.67,406.73,7.24,52.69
Mmu-Mir-32_pri,36.66,0.64,1.97,2.62,6.10,54.78,0,38.52,6.99,1.65,2.08,2.90,0.75,5.91,1.28,10.33,85.77,5.27
Mmu-Mir-33-P3_pri,12.81,46.09,0.56,0.81,38.96,526.21,1.29,8.23,80.20,3.07,12.92,0.71,3.74,59.83,21.71,0.00,34.61,15.81
Mmu-Mir-34-P1_pri,34.33,10.08,855.93,2575.50,18.64,233.55,0.21,79.32,3.29,0.24,0.83,20.57,0.37,4.06,9.79,6505.12,87.43,28.98
Mmu-Mir-34-P2a_pri,0.48,53.38,5.92,3.02,49.13,55.50,0.43,2.42,8.43,0.47,203.36,0.70,31.78,8.86,3.83,6.20,4.83,2573.78
Mmu-Mir-34-P2b_pri,6.63,2367.20,437.98,398.87,6710.99,2070.26,22.34,36.41,226.81,16.30,11187.48,14.87,6607.33,1112.72,118.12,361.26,30.77,401753.96
Mmu-Mir-34-P3c_pri,4.61,2.36,33.84,21.76,1.69,1.44,0,1.55,0,0,13.75,0.32,12.34,6.28,0.64,23.97,2.92,887.78
Mmu-Mir-34-P3b_pri,0.05,0,0,0,0,0,0,0,0,0,0,0,0,0,0,0,0,0
Mmu-Mir-34-P3a_pri,7.75,0.86,0,0,1.02,3.60,0,3.86,0,0,12.29,0.17,21.31,0.74,0.64,0.41,6.72,376.71
Mmu-Mir-92-P1a_pri,10326.26,180.94,51.61,32.43,440.80,57900.17,56.28,1822.09,555.41,113.86,232.32,473.05,333.47,794.75,8190.34,87.21,18277.59,1119.61
Mmu-Mir-92-P1c_pri,1438.91,5.15,7.05,6.85,16.94,44160.93,3.44,111.64,29.61,0.94,6.46,44.19,18.69,35.82,6064.54,21.08,1822.29,28.98
Mmu-Mir-92-P2d_pri,4360.37,729.97,33.28,30.02,3726.00,47726.21,291.72,816.92,1614.62,232.68,1373.07,204.47,2761.59,2347.68,6504.68,48.36,2431.41,6140.71
Mmu-Mir-92-P1d_pri,13.93,313.21,1307.45,607.56,4.74,687.68,0.21,10.42,7.40,0.00,33.96,4.44,34.77,7.02,15.75,2153.49,8.96,13.17
Mmu-Mir-92-P2c_pri,22.34,0.43,1.13,1.41,1.36,4501.66,0.00,2.99,6.17,0.24,0.63,0.98,1.12,1.48,9.15,8.27,40.47,2.63
Mmu-Mir-92-P2a_pri,0,0,0,0,0,2.16,0,0,0,0,0,0,0,0,0,0,0,0
Mmu-Mir-95-P2_pri,75.73,33.87,113.09,74.13,40.32,485.13,0.43,12.55,10.49,0.47,2.29,5.79,5.61,2.95,3.83,138.88,30.81,5.27
Mmu-Mir-95-P4_pri,0.02,2.14,46.25,28.00,0,0,0,0.02,0,0,0.83,0.03,0,0,0,45.88,0,0
Mmu-Mir-96-P1_pri,1.39,0.43,193.18,18.33,1.36,2889.13,0,85.52,5.55,1.42,5.21,1.05,0,8.12,57.68,88.87,8.05,0
Mmu-Mir-96-P2_pri,76.26,1.50,999.20,178.08,6.10,2460.95,0,5786.35,11.72,2.83,15.42,107.90,26.92,675.83,87.48,582.81,310.15,44.78
Mmu-Mir-96-P3-v1_pri,22.41,0.43,1473.84,93.67,7.45,785.00,0,2025.55,4.73,0.71,5.63,39.52,2.62,81.25,31.93,388.12,144.43,7.90
Mmu-Mir-96-P3-v2_pri,22.36,0.43,1473.84,93.67,7.45,785.00,0,2025.28,4.73,0.71,5.63,39.47,2.62,81.25,31.93,388.12,143.97,7.90
Mmu-Mir-101-P1-v2_pri,661.19,1491.45,61.48,80.78,420.81,6181.22,169.70,473.86,3215.67,128.98,1110.33,605.80,1120.41,4659.17,1619.04,58.28,2111.92,3638.06
Mmu-Mir-101-P1-v1_pri,658.91,1491.45,61.48,80.78,420.81,6181.22,169.70,472.30,3215.67,128.98,1110.33,601.03,1120.41,4659.17,1619.04,58.28,2104.27,3638.06
Mmu-Mir-101-P2-v2_pri,436.75,868.67,867.78,671.42,1108.62,9084.77,55.42,217.87,399.13,1625.66,441.09,208.10,481.89,1621.26,872.41,1233.82,950.22,1783.47
Mmu-Mir-101-P2-v1_pri,435.79,868.67,867.78,671.42,1108.62,9084.77,55.42,217.66,399.13,1625.66,441.09,207.02,481.89,1621.26,872.41,1233.82,948.55,1783.47
Mmu-Mir-103-P4_pri,1560.83,38759.92,2962.07,2739.48,12715.89,75364.01,1247.00,1105.55,18134.87,3796.05,14849.34,301.51,18581.93,8255.48,16254.47,3072.76,1167.04,37091.87
Mmu-Mir-103-P2_pri,1576.77,39971.17,2965.73,2744.52,13020.15,75932.75,1287.82,1117.22,18587.26,4046.91,15427.74,303.41,19158.78,8468.94,16337.26,3077.72,1188.84,38048.15
Mmu-Mir-103-P1_pri,150.14,15981.05,1510.79,1105.94,2293.47,11507.52,636.50,102.51,16466.79,2133.54,3379.95,26.64,7474.27,2216.58,5606.52,1211.50,154.07,18933.19
Mmu-Mir-105-P1_pri,0,0
Mmu-Mir-122_pri,9.23,708.32,12.69,81.79,157.21,46.13,10.53,0.52,590.78,394279.80,372.54,5.03,3.36,22.16,3.41,5.37,2.11,2.63
Mmu-Mir-124-P2-v1_pri,2.19,6549.78,28445.21,35471.42,0,1603.15,1.50,2.38,3.29,4.25,2.50,0.85,0.37,0.37,1.92,17177.53,0.12,55.32
Mmu-Mir-124-P2-v2_pri,2.19,6549.99,28447.47,35472.02,0,1603.15,1.50,2.38,3.29,4.25,2.50,0.85,0.37,0.37,1.92,17177.94,0.12,55.32
Mmu-Mir-124-P1-v1_pri,2.19,6549.78,28445.49,35471.22,0,1603.15,1.50,2.38,3.29,4.25,2.50,0.85,0.37,0.37,1.92,17177.94,0.12,55.32
Mmu-Mir-124-P1-v2_pri,2.19,6549.99,28447.75,35471.82,0,1603.15,1.50,2.38,3.29,4.25,2.50,0.85,0.37,0.37,1.92,17178.35,0.12,55.32
Mmu-Mir-124-P3-v1_pri,2.19,6549.78,28445.49,35471.42,0,1603.15,1.50,2.38,3.29,4.25,2.50,0.85,0.37,0.37,1.92,17177.53,0.12,55.32
Mmu-Mir-124-P3-v2_pri,2.19,6549.99,28447.75,35472.02,0,1603.15,1.50,2.38,3.29,4.25,2.50,0.85,0.37,0.37,1.92,17177.94,0.12,55.32
Mmu-Mir-126-P2-v2_pri,5329.09,17.58,2237.27,1819.27,0.34,61.99,17.19,1301.04,54.29,3.78,62.92,2499.14,30.28,33.61,40.44,2558.57,4166.95,7.90
Mmu-Mir-126-P2-v1_pri,809.89,22.94,9642.02,8389.87,0.34,17.30,25.13,221.25,61.90,7.80,202.11,458.32,65.80,53.55,34.05,14045.25,2683.37,26.34
Mmu-Mir-126-P2-v3_pri,808.55,22.94,9642.02,8389.87,0.34,17.30,25.13,220.83,61.90,7.80,202.11,454.86,65.80,53.55,34.05,14045.25,2677.04,26.34
Mmu-Mir-127_pri,46.12,3084.52,11282.25,7946.49,722.36,8841.12,4.08,309.51,9.25,5.67,13.33,1197.97,46.36,132.95,1868.48,10334.29,114.98,42.15
Mmu-Mir-128-P2_pri,134.80,23631.67,36150.31,8666.26,58.28,761.21,41.24,11.69,146.62,21.26,34.38,129.46,18.32,14.77,987.56,5625.54,65.98,68.49
Mmu-Mir-128-P1_pri,92.65,13288.21,25235.53,5464.05,51.16,700.66,19.76,7.29,102.40,7.09,16.46,77.70,16.82,14.40,612.54,4497.54,39.38,68.49
Mmu-Mir-129-P2_pri,0.59,1496.17,956.62,767.72,208.71,906.82,1.29,5.60,7.40,1.18,0.63,0.26,26.92,21.05,4.90,427.81,0.77,139.62
Mmu-Mir-129-P1_pri,0.59,1496.17,956.62,767.72,208.71,906.82,1.29,5.57,7.40,1.18,0.63,0.26,26.92,21.05,4.90,427.81,0.77,139.62
Mmu-Mir-130-P1c_pri,155.34,126.48,752.43,1060.82,622.75,4890.91,33.94,85.25,302.90,179.76,292.53,66.87,361.13,85.68,65.77,639.43,168.45,250.26
Mmu-Mir-130-P4a_pri,89.64,13.08,33.28,11.48,96.90,5453.89,0.21,26.14,2.26,1.18,4.58,0.82,17.57,109.68,14.90,9.09,63.07,47.42
Mmu-Mir-130-P2b_pri,1330.38,3.43,93.07,53.18,7.12,104.52,0.64,317.52,1.03,0,0.63,81.91,1.12,0.37,8.30,115.32,939.83,7.90
Mmu-Mir-130-P2a_pri,64.72,0.43,1.41,0.60,2.03,154.98,0,19.65,0,0,0,0.24,0,0.37,0,0,38.57,0
Mmu-Mir-132-P1_pri,8.28,125.20,5432.85,1011.87,19.65,2.16,0.00,26.31,2.26,0.24,0.63,4.66,2.24,0,3.62,1587.22,10.70,0
Mmu-Mir-132-P2_pri,2.46,1014.02,20.31,3.63,170.76,9.37,3.01,4.13,14.39,5.43,5.42,1.51,23.18,1.48,3.83,7.44,6.05,2.63
Mmu-Mir-133-P3-v1_pri,415.96,1.72,3.67,21.35,1.36,0,47.04,196.57,0.21,0,5.83,174302.61,12.71,1.85,819.84,56.63,37.67,2.63
Mmu-Mir-133-P3-v2_pri,416.00,1.72,3.67,21.35,1.36,0,47.04,196.59,0.21,0,5.83,174308.72,12.71,1.85,819.84,56.63,37.67,2.63
Mmu-Mir-133-P1-v1_pri,415.96,1.72,3.67,21.35,1.36,0,47.04,196.57,0.21,0,5.83,174302.60,12.71,1.85,819.84,56.63,37.67,2.63
Mmu-Mir-133-P1-v2_pri,416.00,1.72,3.67,21.35,1.36,0,47.04,196.59,0.21,0,5.83,174308.71,12.71,1.85,819.84,56.63,37.67,2.63
Mmu-Mir-133-P2-v1_pri,4.86,0,1.69,17.73,0.68,0,1.50,6.97,0,0,0,1614.10,1.87,0,158.99,25.21,0.91,0
Mmu-Mir-133-P2-v2_pri,4.86,0,1.69,17.73,0.68,0,1.50,6.97,0,0,0,1614.10,1.87,0,158.99,25.21,0.91,0
Mmu-Mir-134_pri,0.18,148.35,132.55,108.38,1026.28,8463.40,0.43,1.38,0.62,0.47,0.83,1.34,11.59,9.23,66.83,229.82,0.30,13.17
Mmu-Mir-135-P1_pri,24.76,14.36,298.38,174.25,1.69,0.72,0,4.89,0,0,0.21,0.83,8.60,0,1.28,374.48,2.28,2.63
Mmu-Mir-135-P2_pri,24.71,14.36,298.38,174.05,1.69,0.72,0.00,4.89,0.00,0,0.21,0.83,8.60,0.00,1.28,374.48,2.28,2.63
Mmu-Mir-135-P4_pri,0.02,1.93,274.12,130.34,0,126.87,0,0.21,0,0,0.21,0.04,0,0,0.21,116.15,0.11,0
Mmu-Mir-136-v1_pri,2.99,91.11,64.58,37.87,39.64,74.97,0.21,11.50,0.21,0.94,0.42,233.74,1.12,9.60,5.75,59.52,6.73,2.63
Mmu-Mir-136-v2_pri,3.35,91.54,70.22,38.88,39.64,74.97,0.21,11.82,0.21,0.94,0.42,248.52,1.12,9.60,5.75,59.52,6.80,2.63
Mmu-Mir-137-P1-v1_pri,0.21,112.76,8133.21,1051.76,0,1.44,0,10.02,0,0.24,0,0.10,0,0,0,3369.95,0.15,0
Mmu-Mir-137-P1-v2_pri,0.21,112.76,8133.21,1051.76,0,1.44,0,10.02,0,0.24,0,0.10,0,0,0,3369.95,0.15,0
Mmu-Mir-138-P1_pri,5.40,2216.70,38493.34,13207.88,7.45,117.50,1.07,26.27,4.73,2.13,2.92,4.30,30.66,37.30,17.45,23487.97,14.93,18.44
Mmu-Mir-138-P2_pri,5.11,1981.95,37287.98,12648.26,7.79,101.64,0.86,21.28,3.70,1.65,2.92,3.71,24.30,32.13,15.11,22915.08,10.31,15.81
Mmu-Mir-139_pri,468.62,208.81,17188.62,1500.58,0.68,20.18,2.79,28.44,21.59,5.91,4.58,54.64,12.71,32.87,82.15,2520.95,158.20,0
Mmu-Mir-140-P1-v1_pri,1468.69,4608.77,267.64,316.07,28755.59,47535.19,1190.51,253.66,6599.34,945.82,5453.10,112.49,5105.22,4602.67,8382.32,571.23,908.67,9272.97
Mmu-Mir-140-P1-v2_pri,1468.53,4608.77,267.64,316.07,28755.59,47535.19,1190.51,253.61,6599.34,945.82,5453.10,112.48,5105.22,4602.67,8382.32,571.23,908.36,9272.97
Mmu-Mir-142-P1-v1_pri,20574.75,32.37,45.12,47.74,22.70,387.81,20.62,2153.98,178.69,12.05,178.35,352.45,467.68,412.52,917.53,193.03,21581.33,179.14
Mmu-Mir-142-P1-v2_pri,4622.88,0.00,81.50,17.73,1.69,7.93,0.43,399.24,1.03,0.24,1.88,22.93,0.00,0.74,24.26,108.29,8039.06,0.00
Mmu-Mir-142-P1-v3_pri,4620.51,0.00,81.50,17.73,1.69,7.93,0.43,398.91,1.03,0.24,1.88,22.92,0.00,0.74,24.26,108.29,8033.01,0.00
Mmu-Mir-142-P1-v4_pri,20579.90,32.37,45.12,47.74,22.70,387.81,20.62,2154.46,178.69,12.05,178.35,352.52,467.68,412.52,917.53,193.03,21582.30,179.14
Mmu-Mir-143_pri,9031.45,277.84,4232.57,3579.92,4807.51,566.58,236.30,65534.81,1698.52,53.86,1742.48,25255.63,6203.57,1209.11,1831.03,3832.89,76908.61,4204.45
Mmu-Mir-144-v2_pri,2997.05,27.23,0.56,1.41,0,0.00,11.81,14.59,53.26,2.36,10.83,25.87,34.39,17.73,2.98,1.65,562.07,10.54
Mmu-Mir-144-v1_pri,2998.72,27.23,1.13,1.81,0,0.00,11.81,14.66,54.08,2.36,10.83,26.09,35.52,18.10,2.98,2.48,563.47,10.54
Mmu-Mir-145_pri,318.82,22.30,109.14,126.31,979.87,64.88,9.67,3904.57,61.28,4.72,167.52,513.51,859.84,116.70,132.81,145.91,2491.63,229.19
Mmu-Mir-146-P4_pri,6185.95,19.72,117.32,37.47,16.94,12.98,4.73,1580.46,56.75,22.68,128.97,686.11,57.57,80.14,79.39,78.53,18306.01,55.32
Mmu-Mir-146-P1_pri,27852.11,541.10,261.15,220.58,185.67,451.97,1.93,3210.15,37.42,17.72,475.26,5549.76,49.35,29.54,250.93,317.44,14741.40,47.42
Mmu-Mir-147-v1_pri,39.90,0.21,1.13,2.22,0,4.33,0.21,13.05,0,0,0.21,0.09,0.37,0,0.85,3.31,0.90,21.07
Mmu-Mir-147-v2_pri,39.90,0.21,1.13,2.22,0,4.33,0.21,13.05,0,0,0.21,0.09,0.37,0,0.85,3.31,0.90,21.07
Mmu-Mir-148-P1_pri,19756.06,54.24,26.51,8.66,123.67,787.16,11.17,20726.93,20.36,169.13,39.38,3091.13,220.94,28178.45,483.78,21.91,26245.09,640.15
Mmu-Mir-148-P4_pri,633.28,48.45,21.43,14.71,57.94,347.45,2.79,442.19,46.68,4.25,24.59,116.92,22.80,77.19,89.18,26.45,2143.87,129.08
Mmu-Mir-148-P3_pri,26.08,188.44,2.54,2.62,4444.97,3571.05,107.84,49.57,1512.63,45.35,711.95,15.58,1295.37,21552.73,3322.15,6.61,53.61,1641.21
Mmu-Mir-149_pri,86.88,2.57,2477.27,1697.60,0.00,3.60,0.00,7.14,0.21,0,0,91.78,0,0,1.49,3803.54,13.18,0
Mmu-Mir-150_pri,1211.05,1.29,223.08,100.52,0.68,2.88,0.43,87.50,0.21,0.00,1.04,103.19,2.62,2.95,56.19,181.04,6526.50,0
Mmu-Mir-153-P1_pri,2.60,21.65,412.60,133.16,0,1.44,0,12.63,0,0.24,0.00,0.36,0,1.85,0,230.23,0.70,0
Mmu-Mir-154-P1_pri,0.21,27.44,2543.55,1819.47,15.59,36.04,0,1.71,0,0.47,0.21,2.94,1.12,1.11,22.99,1909.21,0.39,0.00
Mmu-Mir-154-P2-v1_pri,0.07,26.15,36.38,30.42,93.18,1448.17,0.43,1.57,0.41,0,1.04,5.58,9.72,11.08,146.01,68.20,0.70,18.44
Mmu-Mir-154-P2-v2_pri,0.14,3.22,637.65,432.31,84.37,175.16,0.00,0.73,0.00,0,0.00,9.69,1.87,2.95,49.17,782.86,0.52,0.00
Mmu-Mir-154-P3a-v1_pri,0.05,215.88,200.80,75.34,53.19,1053.87,0.64,0.79,0.21,0.24,0.21,0.51,5.61,1.48,7.45,80.19,0.02,2.63
Mmu-Mir-154-P3a-v2_pri,0.05,215.88,200.80,75.34,53.19,1053.87,0.64,0.79,0.21,0.24,0.21,0.51,5.61,1.48,7.45,80.19,0.02,2.63
Mmu-Mir-154-P4-o1_pri,0.43,79.11,7.90,5.04,95.55,464.94,0,3.13,0.41,0.24,0.63,6.96,6.36,6.28,18.52,12.81,1.46,0
Mmu-Mir-154-P5_pri,0.05,124.56,480.28,187.75,101.31,181.65,0,0.38,0.00,0.47,0.83,1.66,4.86,2.22,5.11,315.38,0.07,7.90
Mmu-Mir-154-P6_pri,0.02,6.43,13.54,2.22,3.39,74.97,0,0.21,0.21,0,0,1.05,0.00,0.00,5.75,3.31,0.10,0
Mmu-Mir-154-P7_pri,0.64,154.35,1622.19,771.54,690.17,1355.18,0.86,4.15,1.03,1.18,1.04,29.60,32.15,51.70,147.28,1355.34,1.15,68.49
Mmu-Mir-154-P8_pri,0.27,43.31,224.21,141.62,172.46,506.75,0,0.90,0,0,0.42,2.06,0.75,2.22,6.60,444.34,0.54,0
Mmu-Mir-154-P9_pri,3.58,24.01,949.00,797.93,23.38,1194.43,0,39.94,0.21,0,0,137.83,1.87,3.69,83.86,541.47,5.11,2.63
Mmu-Mir-154-P10_pri,0.27,1554.69,1904.77,1037.25,1311.91,3357.68,1.50,1.15,2.06,2.36,5.21,2.82,38.88,40.99,374.38,1638.06,0.41,23.71
Mmu-Mir-154-P12_pri,3.33,140.42,65.71,24.98,275.46,637.22,0,30.15,0,0,0.42,89.12,1.50,1.48,8.73,66.13,5.62,2.63
Mmu-Mir-154-P13_pri,7.32,258.54,3534.01,1892.60,283.25,2527.27,0.86,29.00,2.26,1.18,3.96,210.74,66.17,49.12,300.10,3231.07,8.05,55.32
Mmu-Mir-154-P14_pri,0.02,16.51,6.77,2.42,4.74,50.46,0,0.08,0,0,0,2.52,0,0,1.49,6.20,0.00,0
Mmu-Mir-154-P15_pri,0.07,1923.86,342.94,115.23,521.10,1942.67,2.15,0.21,1.03,2.83,4.17,2.35,42.62,21.79,126.00,219.48,0.40,31.61
Mmu-Mir-154-P17_pri,0.39,187.15,5186.65,2859.34,213.79,628.57,0.21,0.71,0,0,0.21,2.38,2.24,1.85,12.77,2628.01,0.15,2.63
Mmu-Mir-154-P18_pri,0.11,4.07,6.49,3.02,89.11,1304.00,0.43,0.17,0,0,0.42,0.53,4.86,2.22,9.58,6.61,0.06,2.63
Mmu-Mir-154-P19_pri,0.11,324.14,31.02,19.94,665.10,2049.35,0.64,4.22,0.62,0.94,1.88,6.67,5.98,5.17,49.17,34.72,0.92,5.27
Mmu-Mir-154-P20-v1_pri,0.16,29.58,56.40,40.89,65.05,49.02,0,1.52,0,0,0.21,1.91,1.50,0.74,8.73,69.44,0.30,2.63
Mmu-Mir-154-P20-v2_pri,0.16,29.58,56.40,40.89,65.05,49.02,0,1.52,0,0,0.21,1.91,1.50,0.74,8.73,69.44,0.30,2.63
Mmu-Mir-154-P21_pri,0,2.57,17.77,3.42,13.55,16.58,0,0.06,0,0,0,2.30,0,0,2.98,6.61,0.00,0
Mmu-Mir-154-P22_pri,0.07,775.42,44.84,25.99,427.93,1963.57,3.01,0.52,1.85,4.25,3.96,2.14,8.60,2.59,37.46,50.84,0.28,0
Mmu-Mir-154-P26_pri,0.09,0.00,5.36,5.24,0.34,11.53,0,0.79,0,0,0,0.42,0,0,0,20.25,0.12,0
Mmu-Mir-154-P29-v1_pri,0.00,0.86,1.13,0.60,50.48,48.30,0,0.00,0.21,0,0,0.08,1.12,0,2.77,0.00,0.00,0
Mmu-Mir-154-P29-v2_pri,0.00,0.86,1.13,0.60,50.48,48.30,0,0.00,0.21,0,0,0.08,1.12,0,2.77,0.00,0.00,0
Mmu-Mir-154-P30_pri,0,1.07,0,0.00,10.50,46.85,0,0.08,0,0,0,0.31,0,0,0.85,0.41,0,0
Mmu-Mir-154-P34_pri,2.23,117.70,611.70,350.32,46.76,678.31,0,8.35,0.21,0,0.21,25.96,1.87,2.59,46.19,691.52,2.54,2.63
Mmu-Mir-154-P36_pri,0.43,256.83,711.82,169.22,140.61,488.73,0.64,1.50,0.21,0.24,0.63,7.36,15.33,12.93,74.92,394.74,0.85,31.61
Mmu-Mir-155_pri,127.89,0.21,14.38,12.09,39.64,28.83,0.86,31.36,1.44,0,0.63,38.20,0.37,1.11,7.24,41.75,589.56,0
Mmu-Mir-181-P1a_pri,22733.94,8039.08,19729.91,21751.66,932.77,115.33,130.18,3073.43,1112.67,74.17,2070.85,9403.45,1187.33,1605.01,3046.32,24348.54,10616.14,866.71
Mmu-Mir-181-P1b_pri,22733.71,8039.08,19730.20,21751.66,932.77,115.33,130.18,3073.20,1112.67,74.17,2070.85,9403.45,1187.33,1605.01,3046.32,24348.54,10615.75,866.71
Mmu-Mir-181-P1c_pri,4095.17,153.71,652.03,1130.12,14.57,920.51,5.80,1702.45,12.34,1.65,24.38,698.88,16.82,10.34,98.54,646.87,4157.50,5.27
Mmu-Mir-181-P2a_pri,1145.92,2055.92,2584.16,2229.42,529.24,18.74,27.07,186.11,226.40,19.84,410.05,416.26,111.78,295.81,596.58,3217.01,315.17,76.40
Mmu-Mir-181-P2b_pri,1259.57,2453.16,2709.66,2362.17,559.73,25.95,30.07,204.65,280.89,27.64,526.72,446.66,113.27,301.72,750.67,3352.59,353.86,76.40
Mmu-Mir-181-P2c_pri,531.11,1099.78,227.59,167.60,279.19,5256.38,29.21,147.17,87.19,13.70,151.47,36.29,164.87,101.56,791.32,161.20,212.06,136.99
Mmu-Mir-184_pri,4.61,18.01,15.79,0.60,3.39,77.13,0,6.20,2.88,1.65,2.50,1.82,14.95,110.05,12.34,1.65,6.98,2468.40
Mmu-Mir-185_pri,32.49,4520.44,791.35,591.25,633.93,4782.06,450.04,12.86,2771.50,479.05,955.94,13.84,231.41,758.56,697.04,1376.00,29.86,326.66
Mmu-Mir-186_pri,4363.08,77.39,408.93,231.46,151.11,1085.59,3.87,762.78,36.60,8.50,23.54,1393.06,87.11,93.07,105.57,402.59,3304.54,115.91
Mmu-Mir-187_pri,0.52,30.01,711.54,228.04,0.00,12.98,0.00,2.84,52.02,0.47,3.33,0.32,1.12,1.48,9.79,308.35,11.85,0.00
Mmu-Mir-188-P1_pri,5.70,0.86,37.51,34.04,3.39,10.81,0,2.03,0.62,0,0.21,0.50,0,0.74,1.06,57.04,2.32,0.00
Mmu-Mir-188-P2_pri,264.31,323.50,355.91,374.89,664.42,560.81,23.84,123.75,214.47,32.60,159.39,56.55,178.70,486.75,139.62,377.79,1268.86,416.23
Mmu-Mir-190-P1_pri,14.73,1.07,65.43,30.02,0.34,4.33,0,17.62,2.47,0,0.00,29.79,0.00,0.37,0.21,100.85,2.89,0
Mmu-Mir-190-P3_pri,3.81,1.50,3.38,1.41,1.02,14.42,0,1.36,1.03,0.47,0.42,1.37,0.00,1.48,2.98,7.85,7.31,2.63
Mmu-Mir-191_pri,40929.49,3023.85,5123.76,4165.73,1789.98,11542.84,362.39,9033.90,2056.52,1229.52,1778.74,5647.01,3162.35,1514.53,2661.51,4893.10,19651.12,11504.28
Mmu-Mir-192-P2_pri,1714.19,1015.95,32.15,89.04,790.13,4916.14,188.18,141727.39,74961.21,23888.89,722.58,370.57,1199.29,11465.49,1298.08,64.48,2195.69,4365.14
Mmu-Mir-192-P1_pri,13.50,0.86,13.25,32.63,5.76,25.23,5.37,115805.79,3.08,2.83,3.33,3.47,53.09,16.62,4.68,4.96,2.65,5.27
Mmu-Mir-193-P1b_pri,11.17,3.00,0.00,0.20,91.14,87.94,0.86,24.01,61.07,15.12,17.71,16.15,19.07,113.75,48.31,0.41,9.10,5.27
Mmu-Mir-193-P1a_pri,15.71,6.86,7.05,2.42,13.55,12.25,0.21,14.76,1.44,0.00,0.83,136.36,17.20,2.59,20.43,7.44,21.28,5.27
Mmu-Mir-193-P2b_pri,16.80,12.01,78.68,38.07,219.22,40.37,0.64,19.29,32.28,3.07,14.38,136.74,6.36,3.32,71.30,122.76,53.47,2.63
Mmu-Mir-193-P2a_pri,16.80,12.01,78.68,38.07,219.22,40.37,0.64,19.29,32.28,3.07,14.38,136.74,6.36,3.32,71.30,122.76,53.47,2.63
Mmu-Mir-194-P2_pri,43.93,10.08,275.82,995.15,6.44,26.67,1.50,6319.74,230.72,184.02,6.67,11.09,6.73,39.89,6.60,319.51,42.29,15.81
Mmu-Mir-194-P1_pri,32.26,1.29,245.92,879.92,1.02,4.33,0.21,69685.26,28.38,7.32,0.63,8.13,2.62,5.54,2.55,276.94,28.14,2.63
Mmu-Mir-196-P3_pri,16.23,0.21,0,1.01,292.40,251.57,0,0.10,198.43,0.47,0,183.52,17.20,0,77.69,517.91,0.68,10.54
Mmu-Mir-196-P4_pri,31.76,0.21,0,1.21,321.20,264.55,0,0.23,294.46,1.18,0,286.08,22.43,0,93.65,587.35,1.39,10.54
Mmu-Mir-196-P1_pri,120.73,0.21,0.28,1.01,145.69,28.11,0.43,1.50,209.33,0.24,0,108.57,24.67,0,77.69,752.28,3.18,2.63
Mmu-Mir-199-P3-v1_pri,649.81,291.34,57.53,46.74,121994.59,3309.38,1356.77,1234.54,5629.17,441.73,10856.61,1714.27,36857.31,9834.63,37684.68,323.64,1068.20,30977.51
Mmu-Mir-199-P3-v2_pri,649.67,291.34,57.53,46.74,121994.59,3309.38,1356.77,1234.43,5629.17,441.73,10856.61,1714.15,36857.31,9834.63,37684.68,323.64,1067.94,30977.51
Mmu-Mir-199-P3-v3_pri,649.81,291.34,57.53,46.74,121994.59,3309.38,1356.77,1234.54,5629.17,441.73,10856.61,1714.27,36857.31,9834.63,37684.68,323.64,1068.20,30977.51
Mmu-Mir-199-P1-v1_pri,651.50,291.34,57.53,46.74,122008.14,3309.38,1356.77,1236.10,5629.17,441.73,10857.65,1716.04,36858.81,9834.63,37685.53,323.64,1070.71,30977.51
Mmu-Mir-199-P1-v2_pri,651.36,291.34,57.53,46.74,122008.14,3309.38,1356.77,1236.00,5629.17,441.73,10857.65,1715.92,36858.81,9834.63,37685.53,323.64,1070.44,30977.51
Mmu-Mir-199-P1-v3_pri,651.50,291.34,57.53,46.74,122008.14,3309.38,1356.77,1236.10,5629.17,441.73,10857.65,1716.04,36858.81,9834.63,37685.53,323.64,1070.71,30977.51
Mmu-Mir-199-P2-v1_pri,649.81,291.34,57.53,46.74,121994.59,3309.38,1356.77,1234.54,5629.17,441.73,10856.61,1714.28,36857.31,9834.63,37684.68,323.64,1068.20,30977.51
Mmu-Mir-199-P2-v2_pri,649.67,291.34,57.53,46.74,121994.59,3309.38,1356.77,1234.43,5629.17,441.73,10856.61,1714.16,36857.31,9834.63,37684.68,323.64,1067.94,30977.51
Mmu-Mir-199-P2-v3_pri,649.81,291.34,57.53,46.74,121994.59,3309.38,1356.77,1234.54,5629.17,441.73,10856.61,1714.28,36857.31,9834.63,37684.68,323.64,1068.20,30977.51
Mmu-Mir-202_pri,0.05,0.00,0.00,0.00,0,0,0,0.08,0,0,0,0.01,18.32,2.59,0,0.83,0.47,210.75
Mmu-Mir-203-v1_pri,61.14,24.87,62.89,26.59,1.02,123.26,3.01,1025.61,228.46,67.80,78.13,32.05,143.56,200.90,11773.22,54.15,111.63,695.47
Mmu-Mir-203-v2_pri,61.14,24.87,62.89,26.59,1.02,123.26,3.01,1025.61,228.46,67.80,78.13,32.05,143.56,200.90,11773.22,54.15,111.63,695.47
Mmu-Mir-204-P2_pri,52.64,42.23,624.68,2342.23,1.36,0.72,1.07,34.89,3.29,0,0,164.76,2.24,1.48,16.18,1241.67,246.09,10.54
Mmu-Mir-204-P1_pri,13.34,0,1.13,0.20,0,10.81,0,1.90,0,0,0,2.04,0,0,14.90,0.41,114.90,0
Mmu-Mir-205-P4_pri,0.46,0,3.95,0.40,0,113.89,0,3.57,3.50,0,0.63,2.90,2.62,2.22,1527.52,2.07,0.88,10.54
Mmu-Mir-208-P2_pri,0,0,0,0,0,0,8.38,0.08,0,0,0.21,0.15,0,0,0,0,0,0
Mmu-Mir-208-P1_pri,1.35,0,0,0,0,0,0.21,1.73,0,0,0.42,75.11,0,0,0.21,2.48,0.13,2.63
Mmu-Mir-210_pri,32.78,20.37,49.64,23.37,108.08,1181.46,3.87,11.73,6.79,2.13,9.17,5.39,17.57,4.80,60.45,61.17,25.52,10.54
Mmu-Mir-214-v1_pri,33.17,0,1.13,2.01,246.32,3.60,0,28.33,2.26,0.94,2.71,23.33,4.11,0.37,37.88,11.16,52.12,0
Mmu-Mir-214-v2_pri,33.10,0,1.13,2.01,246.32,3.60,0,28.29,2.26,0.94,2.71,23.27,4.11,0.37,37.88,11.16,52.10,0
Mmu-Mir-216-P2b_pri,0.11,0.64,0.56,0.20,0,0,0,56.41,0,0,0,0,0,96.76,0,0.41,0.18,0.00
Mmu-Mir-216-P2a_pri,0.05,3.00,3.67,4.63,0,0,0,8.75,0,0,0,0,1.50,3197.09,0,9.51,0.05,5.27
Mmu-Mir-217-v1_pri,0,30.66,5.36,16.12,0,0,0,36.83,0.21,0,0,0.07,4.11,14439.15,0.21,21.08,0.11,55.32
Mmu-Mir-217-v2_pri,0,30.66,5.36,16.12,0,0,0,36.83,0.21,0,0,0.07,4.11,14439.15,0.21,21.08,0.11,55.32
Mmu-Mir-218-P2_pri,16.51,14.58,4484.98,1852.51,3.73,4.33,0,21.46,1.44,0,0,4.74,1.50,0.37,3.41,3229.41,8.86,5.27
Mmu-Mir-218-P4_pri,16.80,17.79,4585.95,1906.90,3.39,4.33,0.00,21.34,1.23,0,0,5.15,1.12,0.37,3.62,3293.90,9.01,5.27
Mmu-Mir-219-P3_pri,16.55,34.30,0.00,0.20,0.00,28.11,0.21,46.37,2.47,1.42,0.21,1.14,0.00,3.69,1.28,2.07,24.60,0.00
Mmu-Mir-219-P3-as_pri,0.11,0.21,0.28,0.40,1.69,8.65,0.21,0.04,0.21,0,0.42,0.00,0.75,0,0,0.41,0.05,0
Mmu-Mir-219-P2_pri,1.12,159.29,0.28,0.60,0,7.93,0.00,0.65,0.21,0.00,0.00,0.10,0,1.85,0.21,4.96,2.35,0
Mmu-Mir-219-P2-as_pri,0.25,0.64,0.00,0.00,0.68,11.53,0,0.04,0,0,0,0.03,0,0,0.21,0,0.15,0
Mmu-Mir-221-P2a_pri,494.15,4894.97,2074.27,424.25,6798.75,818.88,132.54,72.74,2645.66,339.45,1533.71,57.12,642.26,236.73,1434.30,258.75,277.44,129.08
Mmu-Mir-221-P1a_pri,314.92,910.69,321.79,37.27,1807.26,449.08,10.31,25.03,319.96,34.96,166.89,31.46,195.15,58.72,522.09,38.03,143.31,57.96
Mmu-Mir-223_pri,3473.01,2.79,13.25,11.89,0,0,3.01,22.90,8.43,3.78,23.13,13.65,13.46,21.42,667.03,120.69,324.95,23.71
Mmu-Mir-224_pri,3.53,0.86,2.82,2.42,15.92,17.30,0.64,8.58,6.37,0.94,17.29,4.23,9.35,23.27,24.48,5.37,16.69,7.90
Mmu-Mir-296_pri,9.92,2.14,2.54,2.42,30.49,24.51,0.00,0.65,0,0,0,1.36,6.73,3.69,11.71,8.27,3.72,31.61
Mmu-Mir-298_pri,37.11,493.08,493.54,250.80,2633.98,6918.64,1.72,1.27,2.67,0.47,2.71,5.07,187.67,106.73,165.59,665.89,6.97,893.05
Mmu-Mir-320_pri,78.81,3348.64,539.22,689.15,3216.75,13046.52,535.75,46.79,2952.26,874.96,2534.24,26.78,4876.43,2280.84,6405.50,603.06,84.76,972.08
Mmu-Mir-324_pri,19.90,17.15,1051.09,665.58,42.69,92.99,0,24.89,2.06,0.24,2.50,38.38,4.11,10.34,12.34,838.25,41.03,10.54
Mmu-Mir-325_pri,0.00,6.43,48.79,38.27,0,0,0,0.04,0,0,0,0.04,0,1.11,0.21,69.85,0.01,0
Mmu-Mir-326_pri,29.91,4.72,14.95,13.50,0.68,1.44,0.00,12.61,0.82,0,0.21,1.80,2.99,1.48,3.62,22.32,22.35,0.00
Mmu-Mir-328_pri,60.18,57.45,334.48,230.25,9.83,30.28,1.72,10.38,10.28,0.24,2.92,39.37,20.56,11.45,10.43,295.95,28.45,21.07
Mmu-Mir-330-v1_pri,5.68,736.40,787.40,360.79,5.76,115.33,3.01,1.38,25.70,2.36,28.75,0.97,34.77,17.36,14.69,1073.44,5.41,10.54
Mmu-Mir-330-v2_pri,5.68,729.97,766.53,352.33,5.76,113.89,3.01,1.36,25.70,2.36,28.75,0.97,34.77,17.36,14.69,1051.53,5.39,10.54
Mmu-Mir-331_pri,16.28,7.72,13.25,7.45,72.17,92.27,1.07,6.93,4.32,0,13.54,2.00,13.46,3.69,13.62,10.33,10.59,28.98
Mmu-Mir-335_pri,24.67,167.22,3921.50,2107.34,16.60,136.96,1.72,14.99,10.90,5.91,15.42,113.69,19.07,26.59,59.81,4984.04,77.01,2.63
Mmu-Mir-337_pri,0.25,310.85,360.42,155.11,377.78,1302.56,1.50,2.92,0.62,2.60,3.33,24.97,23.55,24.37,112.80,152.94,1.15,21.07
Mmu-Mir-337-as_pri,0,0,0.00,0,0,0,0,0,0,0,0,0,0,0,0,0.41,0.01,0
Mmu-Mir-338-P2_pri,151.65,67.96,2012.22,1706.06,0,0.72,0.21,30.17,2.06,1.18,4.58,346.55,1.50,1.11,15.11,6225.29,161.15,0
Mmu-Mir-338-P2-as_pri,0.34,0,0,0,0,0,0,0.23,0,0,0,0.16,0,1.48,0,0,0.05,0
Mmu-Mir-339_pri,56.13,1.72,52.74,25.38,1.02,30.28,0,10.65,7.81,0.47,3.13,7.20,3.74,2.22,7.87,70.27,125.61,5.27
Mmu-Mir-340_pri,3302.60,1092.27,237.18,325.14,271.73,2201.45,25.35,364.42,411.06,79.61,124.60,206.45,538.71,437.63,451.42,436.49,4120.99,1925.72
Mmu-Mir-342_pri,908.56,180.08,2575.98,1137.97,70.14,122.54,2.79,252.07,11.31,2.13,22.09,71.02,38.13,31.02,128.13,2376.70,7341.38,194.94
Mmu-Mir-345_pri,9.44,104.83,8.74,5.44,331.37,504.59,17.83,11.55,58.81,47.24,72.92,7.77,59.07,234.14,105.57,9.51,9.43,52.69
Mmu-Mir-346_pri,0.59,0.86,139.04,65.87,0,0.00,0,0.10,0,0,0,0.03,0,0,0,169.47,0.11,0
Mmu-Mir-350_pri,55.76,11.36,46.25,90.05,89.79,75.69,0.86,8.06,3.70,1.65,8.96,8.16,10.84,7.39,22.56,123.59,51.51,36.88
Mmu-Mir-351_pri,1525.18,1.07,87.43,36.46,4.07,14.42,0.21,72.99,7.40,1.42,11.46,261.84,20.94,1.48,32.14,85.15,728.15,5.27
Mmu-Mir-361-v1_pri,106.78,21.44,1179.69,1109.57,13.55,245.81,0.21,56.58,3.70,0.24,2.92,104.24,10.47,11.08,17.03,1352.86,105.12,0.00
Mmu-Mir-361-v2_pri,99.90,11.58,47.10,22.96,1.36,22.35,0.64,25.20,3.08,1.42,1.46,51.04,4.86,4.06,10.00,29.35,183.24,2.63
Mmu-Mir-362-P1_pri,18.42,12.86,26.51,30.02,7.45,129.75,2.15,11.00,11.31,3.31,10.63,3.92,2.24,12.93,29.37,39.27,40.64,18.44
Mmu-Mir-362-P3_pri,27.40,31.51,72.20,34.85,84.03,64.15,2.15,8.73,23.03,5.67,13.33,18.55,29.53,23.27,51.51,74.40,96.22,60.59
Mmu-Mir-362-P4_pri,14.16,4.50,86.58,94.68,22.70,37.48,0.21,6.74,3.70,0,2.29,4.10,4.49,12.93,7.66,103.75,36.52,18.44
Mmu-Mir-370_pri,0.14,5.15,41.18,9.87,2.03,32.44,0,0.21,0,0,0,0.53,0.37,0,0.00,23.15,0.06,0
Mmu-Mir-374-P2_pri,282.09,8.15,38.07,40.49,249.71,867.17,1.93,107.92,17.89,1.65,18.34,31.97,59.82,152.15,30.65,83.08,345.70,39.52
Mmu-Mir-375_pri,1.89,41.16,130.29,60.64,1.02,121.10,0,2425.69,76.91,1.89,194.60,0.44,36.26,32960.24,86.41,124.00,1.66,727.08
Mmu-Mir-376-P1_pri,0.30,338.72,1352.01,608.97,344.24,560.81,0.64,1.52,0.41,0.94,0.83,1.37,8.22,30.28,5.75,1781.49,0.79,26.34
Mmu-Mir-376-P2_pri,0.00,16.29,66.56,34.85,101.98,927.00,0,0.88,0.41,0.71,0,0.94,1.87,2.59,13.41,62.41,0.39,10.54
Mmu-Mir-376-P4_pri,0.30,7.93,211.80,135.98,160.94,199.67,0,0.98,0.21,0,0,6.40,2.62,2.59,9.58,141.78,0.98,7.90
Mmu-Mir-378_pri,1047.03,2645.46,1353.14,1697.19,2649.57,44279.87,15939.51,5846.80,15722.81,3155.89,1340.98,10085.09,4659.22,6433.32,20915.15,1060.63,1524.60,932.57
Mmu-Mir-383-v1_pri,0.48,5360.60,61.48,16.52,24.06,0,1.93,0.23,90.07,6.61,3.13,0.44,13.83,8.86,3.62,54.15,5.07,2.63
Mmu-Mir-383-v2_pri,0.48,5360.60,61.48,16.52,24.06,0,1.93,0.23,90.07,6.61,3.13,0.44,13.83,8.86,3.62,54.15,5.07,2.63
Mmu-Mir-384_pri,0.66,32.37,248.18,191.58,0,0,0,2.15,0.21,0,0,1.26,0,0.37,0,398.46,0.44,0
Mmu-Mir-423_pri,454.64,753.34,94.76,51.37,1252.61,16072.61,98.17,72.24,1324.89,575.90,685.91,87.47,730.87,2455.52,1450.69,92.17,294.28,924.66
Mmu-Mir-425_pri,1120.87,19.51,481.97,354.14,38.63,196.07,1.07,328.36,14.39,4.25,13.13,139.97,23.93,42.10,32.56,577.85,986.85,202.85
Mmu-Mir-430-P3_pri,0,0,0,0.20,0,44.69,0,0,0,0,0,0,0,0,0,0,0,0
Mmu-Mir-430-P1_pri,0,0,1.13,0.40,0,49.02,0,0,0,0,0,0,0,0,0,0,0,0
Mmu-Mir-430-P2_pri,0,0,0,0,0,7.21,0,0,0,0,0,0,0,0,0,0,0,0
Mmu-Mir-430-P4_pri,0,0,0.28,0.60,0,56.23,0,0,0,0,0,0.01,0,0,0,1.65,0,0
Mmu-Mir-430-P5a_pri,0,0,0,0,0,27466.23,0,0,0,0,0,0,0,0,0,0,0.02,0
Mmu-Mir-430-P5b_pri,0,0,0,0,0,22914.84,0,0.02,0,0,0,0,0,0,0,0,0.04,0.00
Mmu-Mir-430-P5c_pri,0,0,0.85,0,0,75642.25,0.21,0,0,0,0,0,0,0,0.43,0,0.04,13.17
Mmu-Mir-430-P6_pri,0.07,0,0,0,0.34,36993.60,0,0.02,0,0,0,0,0.37,0,0.21,0,0.30,2.63
Mmu-Mir-430-P7a_pri,0,0,0,0,0,24480.51,0,0,0,0,0,0,0,0,0,0,0.01,0
Mmu-Mir-430-P7b_pri,0,0,0,0,0,1891.49,0,0,0,0,0,0,0,0,0,0,0,0
Mmu-Mir-430-P7c_pri,0.02,0,0,0,0,28277.18,0,0,0,0,0,0,0,0,0,0,0.05,0
Mmu-Mir-431_pri,0.23,0.43,242.82,83.40,10.16,59.11,0,1.21,0,0,0,4.14,1.12,0,1.70,134.75,0.62,0
Mmu-Mir-433_pri,0.27,2654.90,751.87,356.36,1834.71,6303.04,1.93,1.02,2.88,2.36,3.75,5.45,79.26,40.99,196.45,666.72,0.33,36.88
Mmu-Mir-448_pri,0,81.89,43.15,73.93,1.36,0,0,0.08,0,0,1.25,0.03,0,0,0,47.95,0,0
Mmu-Mir-450-P2_pri,55.69,1.07,34.41,26.19,5.76,82.18,0.86,7.45,10.08,0,5.00,12.09,19.44,5.17,21.92,35.55,44.18,10.54
Mmu-Mir-450-P1_pri,55.67,1.07,34.41,26.19,5.76,82.18,0.86,7.45,10.28,0,5.00,12.09,19.44,5.17,21.92,35.55,44.16,10.54
Mmu-Mir-450-P3_pri,1.55,1.93,2.54,1.21,18.30,96.59,2.36,0.13,13.16,2.36,16.67,0.37,48.97,5.91,30.65,2.89,0.58,21.07
Mmu-Mir-451_pri,52458.27,253.18,82.63,185.73,0.68,2.88,83.35,944.76,359.86,17.48,119.60,440.38,266.55,258.88,109.82,581.57,12315.73,65.86
Mmu-Mir-452-v1_pri,0.27,0.21,0,0.20,23.72,43.25,0.21,0.77,1.65,1.42,8.75,0.11,2.99,2.59,3.83,0.83,0.79,0
Mmu-Mir-452-v2_pri,0.27,0.21,0,0.20,23.72,40.37,0.21,0.77,1.65,1.42,8.75,0.09,2.99,2.59,2.77,0.83,0.77,0
Mmu-Mir-455_pri,19.17,7.50,7.90,10.68,9.83,112.45,0.64,23.09,43.39,19.84,7.92,2.41,2.99,3.32,45.33,20.67,102.71,7.90
Mmu-Mir-459_pri,0.25,0.00,0.28,0.00,0,0,0,569.68,0.00,0.94,0,0.18,0,355.64,0,0.00,0.56,0.00
Mmu-Mir-483_pri,0.00,13.72,0.56,0.81,444.87,12.98,0.21,0.02,0.62,0,0.63,0.98,2.24,1.11,5.75,0.00,0.05,0
Mmu-Mir-486_pri,70389.37,28.30,272.43,354.55,2.03,4.33,43.18,844.50,59.63,0.94,5.83,42643.79,29.16,22.53,72.58,546.02,37354.89,5.27
Mmu-Mir-488_pri,0.50,9.86,53.58,12.69,0.34,0,0,1.90,0,0,0,0.79,0,0,0,35.13,0.25,0
Mmu-Mir-489_pri,0.16,0.21,0,0.20,0,0,0,0.02,0,0,0.21,1.41,0,0,0,0,0,0
Mmu-Mir-490_pri,0.50,22.72,1.69,1.01,0,0,7.95,114.08,0.21,0,7.50,0.84,1.12,1.11,0.64,4.55,7.14,0
Mmu-Mir-491_pri,0.48,1.50,25.66,12.69,0.00,3.60,0,0.35,0,0.24,0,0.42,0.37,0.00,0,44.23,0.57,0
Mmu-Mir-493_pri,0.02,2.79,29.33,5.04,30.83,17.30,0,0.33,0,0,0,5.34,0,0,6.81,11.16,0.00,0
Mmu-Mir-499_pri,0.59,20.79,21.72,33.24,4.74,3052.04,356.81,0.06,3.29,0,2.50,11.83,0.75,0,2.55,37.20,0.85,28.98
Mmu-Mir-504-v1_pri,0.27,5.57,0.00,0,3.05,1.44,1.50,0.40,0.21,0,0,1.80,0.75,0,1.92,0.41,5.63,7.90
Mmu-Mir-504-v2_pri,0.27,5.57,0.00,0,3.05,1.44,1.50,0.40,0.21,0,0,1.80,0.75,0,1.92,0.41,5.63,7.90
Mmu-Mir-505-v1_pri,1.71,27.23,6.77,1.81,4.40,25.23,0.43,0.10,5.55,6.38,6.25,0.30,7.48,0.37,5.53,3.31,0.24,2.63
Mmu-Mir-505-v2_pri,1.71,27.23,6.77,1.81,4.40,25.23,0.43,0.10,5.55,6.38,6.25,0.30,7.48,0.37,5.53,3.31,0.24,2.63
Mmu-Mir-506-P1_pri,0.07,0,3.38,2.62,0,0,0,0.10,0,0,0,0.32,2.24,0,0,0.83,0.28,50.05
Mmu-Mir-506-P2_pri,0,0,0.85,1.61,0,0,0.21,0,0.21,0,0,0.05,0.37,0.74,0,0.83,0.06,63.22
Mmu-Mir-506-P7_pri,0,0
Mmu-Mir-506-P14_pri,0,0,0,0,0,1.44,0,0,0,0,0,0.01,0,0.37,0,0,0,42.15
Mmu-Mir-506-P15a_pri,0.11,0,0.28,0.40,0,65.60,0,0,0,0.24,0,0,48.60,19.57,0,0,0,5885.17
Mmu-Mir-506-P15b1_pri,0.11,0,0.28,0.40,0,65.60,0,0,0,0.24,0,0,48.60,19.57,0,0.00,0.00,5885.17
Mmu-Mir-506-P15b2_pri,0.11,0,0.28,0.40,0,65.60,0,0,0,0.24,0,0,48.60,19.57,0,0.00,0.00,5885.17
Mmu-Mir-506-P15c1_pri,0.11,0,0.28,0.40,0,64.88,0,0,0,0.24,0,0.00,48.60,19.57,0.00,0.00,0.00,5885.17
Mmu-Mir-506-P15c2_pri,0.11,0,0.28,0.40,0,64.88,0,0,0,0.24,0,0.00,48.60,19.57,0.00,0.00,0.00,5885.17
Mmu-Mir-506-P15d_pri,0,0,0,0,0,0,0,0,0,0,0,0,0,0,0,0,0,2.63
Mmu-Mir-506-P16_pri,0.52,0.21,0,0.20,0,98.03,0,0.04,0,0,0,0.18,31.40,34.35,0,0,0.08,4299.29
Mmu-Mir-506-P17_pri,0.02,0,0,0,0,8.65,0,0,0,0,0,0,0.37,0.74,0,0,0,216.02
Mmu-Mir-506-P18_pri,0.02,0,0.28,1.01,0,23.79,0,0,0,0,0,0.05,1.12,1.48,0,0.00,0.01,387.25
Mmu-Mir-506-P19_pri,0,0,0,0,0,0.72,0,0,0,0,0,0,0,0.74,0,0,0,52.69
Mmu-Mir-506-P20_pri,0,0,0,0,0,5.05,0,0,0,0,0,0,6.36,4.06,0,0.41,0,616.44
Mmu-Mir-506-P21_pri,0.05,0.21,0,0,0,60.55,0.21,0,0,0,0,0.06,136.08,69.43,0,0,0.01,23941.12
Mmu-Mir-506-P22_pri,0.57,0.21,0.00,0.20,0,9.37,0,0,0,0,0,0.35,2.24,5.91,0,0.00,0.36,550.58
Mmu-Mir-506-P23_pri,0,0,0,0,0,49.74,0,0,0,0,0,0,8.22,7.39,0.21,0,0.01,1873.03
Mmu-Mir-506-P24_pri,0,0,0,0,0,5.05,0,0,0,0,0,0,5.61,3.69,0,0,0.01,442.57
Mmu-Mir-506-P25_pri,0.07,0,0,0,0,35.32,0,0,0,0,0,0.05,32.52,37.67,0,0,0.01,11470.03
Mmu-Mir-506-P26_pri,0,0,0,0,0,17.30,0,0,0,0,0,0,20.19,12.19,0,0,0,2766.08
Mmu-Mir-506-P27_pri,0,0,0,0,0,2.16,0,0,0,0,0,0,0.75,0.74,0,0,0,250.26
Mmu-Mir-511_pri,19.45,3.22,1.13,0.81,0,0,3.01,2.76,4.73,12.05,11.46,3.42,14.58,7.39,41.72,0.41,29.66,71.13
Mmu-Mir-540_pri,0.25,22.08,76.99,31.83,63.02,539.19,0,0.58,0.00,0.24,0.21,2.19,2.24,0.00,16.60,38.85,0.18,5.27
Mmu-Mir-541_pri,27.15,1325.30,1241.46,468.57,1076.43,7048.39,4.73,129.59,7.61,8.50,14.17,425.53,179.07,175.79,400.34,874.62,43.52,155.43
Mmu-Mir-542_pri,30.73,4.07,1.13,2.22,35.58,412.32,1.29,3.65,17.27,3.07,33.34,2.29,44.11,12.56,36.39,1.24,30.13,79.03
Mmu-Mir-544_pri,0,2.36,15.51,6.04,0,0,0,0.02,0,0,0,0.02,0,0,0.21,13.64,0,0
Mmu-Mir-551-P2_pri,0.09,5.36,6.20,0.60,0,0,0,0.08,0.82,0,0,0.01,0,0,0,1.24,0.51,0
Mmu-Mir-574_pri,39.96,2.57,12.13,6.65,50.82,28.11,0.64,62.01,1.85,0.00,3.13,14.34,17.57,11.08,17.88,16.95,43.36,2.63
Mmu-Mir-582-v1_pri,6.57,3.00,11.28,22.16,2.37,40.37,0,29.46,1.65,0,1.46,0.86,0.37,5.54,1.28,9.92,3.23,0.00
Mmu-Mir-582-v2_pri,25.58,6.86,4.23,6.24,4.07,21.63,0,35.58,5.76,0,3.75,1.71,1.87,19.20,2.13,4.55,5.18,13.17
Mmu-Mir-592_pri,15.32,2.79,174.01,55.00,0,0,0,2.63,0,0,0,1.65,0,0,0,48.77,6.68,0
Mmu-Mir-598_pri,1.71,4983.94,3126.49,7833.88,62.34,299.87,6.44,14.45,86.16,22.68,47.71,1.21,0.75,5.91,36.61,5003.46,6.58,15.81
Mmu-Mir-599_pri,0.05,0,0,0,0,0,0,0,0,0,0,0,0,0,0,0,0.02,0
Mmu-Mir-615_pri,4.45,0,0.85,13.09,1.36,0,0,1.71,0.82,0,0,23.84,0.37,0,1.49,2006.35,0.33,0
Mmu-Mir-652_pri,35.18,5.57,768.23,553.17,54.21,83.62,0.64,7.35,3.70,0,3.33,2.05,12.71,14.40,16.60,437.73,30.21,7.90
Mmu-Mir-653_pri,3.10,0,0.56,0.40,0,0.72,0,0.04,0.00,0,0.21,7.54,0,0,0,0.83,0.02,0
Mmu-Mir-666_pri,0.21,27.01,17.49,6.65,38.96,159.31,0.43,0.84,0,0,0,3.22,2.24,1.11,4.90,19.01,0.28,0
Mmu-Mir-667_pri,0.09,0.64,56.40,13.70,6.78,7.21,0,0.23,0,0,0,0.41,0.37,0,0.21,54.15,0.05,0
Mmu-Mir-670_pri,0.02,0.00,0.56,1.61,0,0,0,0.69,0,0,0,0.13,0,0,0,0.41,0.38,2.63
Mmu-Mir-671_pri,12.15,4.07,249.31,75.74,2.37,7.93,0,5.22,0.82,1.18,0.42,3.20,0.75,4.06,0.43,186.83,6.90,0
Mmu-Mir-672_pri,0.73,497.58,136.22,37.27,92.16,7312.94,2.79,0.61,87.39,1.42,156.68,0.20,1373.13,149.57,52.57,73.57,0.85,1369.87
Mmu-Mir-673_pri,0.43,4.72,24.25,6.45,18.97,265.99,0,3.28,0.21,0,0,10.31,1.12,1.11,4.68,4.55,1.39,0
Mmu-Mir-674_pri,6.13,125.41,1058.71,508.25,457.41,632.18,4.30,2.11,23.44,2.83,30.00,2.37,49.35,19.20,56.83,592.31,6.40,26.34
Mmu-Mir-675_pri,0,0,0,0.00,1.02,0.00,0,0,0,0,0,0.52,0,0,0.21,0,0,0
Mmu-Mir-676_pri,105.57,176.65,295.84,64.46,54.21,270.32,12.03,15.28,42.98,17.95,52.30,29.38,169.35,651.83,305.84,144.26,22.50,200.21
Mmu-Mir-700_pri,12.49,1.29,2.26,7.25,0.00,24.51,0.00,5.45,0.00,0,0.00,1.67,0.00,2.22,2.34,7.44,10.82,0.00
Mmu-Mir-701_pri,0.09,0,7.33,6.45,0,0,0,0.04,0,0,0,0.03,0,0,0,18.60,0.27,0
Mmu-Mir-744_pri,229.61,991.08,714.36,163.37,416.07,2632.51,12.46,31.59,350.19,34.96,176.48,54.53,197.39,134.06,818.78,759.72,68.62,184.41
Mmu-Mir-760_pri,0.02,44.59,40.05,12.89,0.68,10.09,0.21,0.02,0.41,0,0.21,0,0.75,0,1.06,24.39,0.02,10.54
Mmu-Mir-770_pri,0,311.50,25.66,5.64,66.75,105.24,0,0,0,0,0,0.02,0.75,0,1.28,18.19,0,5.27
Mmu-Mir-872_pri,41.40,63.46,961.41,715.14,196.52,601.18,2.58,14.20,109.19,3.31,32.09,22.42,84.49,42.84,150.26,1015.99,35.53,403.06
Mmu-Mir-873-v1_pri,0.50,52.31,104.91,25.58,3.73,0,0,0.58,0,0.24,0,0.03,0,0.00,0.21,76.05,0.07,0
Mmu-Mir-873-v2_pri,0.50,52.31,104.91,25.58,3.73,0,0,0.58,0,0.24,0,0.03,0,0.00,0.21,76.05,0.07,0
Mmu-Mir-874_pri,12.99,7.29,195.44,132.35,0,2.16,0,3.51,4.32,0.71,0,6.88,1.50,4.80,0.85,164.51,19.55,0
Mmu-Mir-875_pri,0.05,0,0,0,0,0,0,0.02,0,0,0,0,0,0,0,0,0.06,0
Mmu-Mir-877_pri,3.94,31.51,18.33,8.66,28.80,63.43,0.64,0.77,6.99,2.13,2.29,0.41,5.61,2.95,3.83,16.12,1.63,2.63
Mmu-Mir-879_pri,16.57,18.22,4.79,2.82,1.36,2.16,0,7.60,0,0,1.67,0.64,0,0.37,0,7.03,5.41,2.63
Mmu-Mir-935-v1_pri,0.11,7.50,22.00,7.86,0,116.06,0,0.15,0,0,0,0.02,0,0,0,10.33,0.22,0
Mmu-Mir-935-v2_pri,0.11,7.50,22.00,7.86,0,116.06,0,0.15,0,0,0,0.02,0,0,0,10.33,0.22,0
Mmu-Mir-1198_pri,57.84,6.43,82.35,35.66,2.37,12.25,0,19.71,3.29,0.94,1.25,6.79,0.75,1.48,19.58,50.84,38.09,0
Mmu-Mir-1247_pri,0.55,0.21,31.59,6.85,0,2.16,0.21,0.15,0.00,0,0,2.14,0.75,0.00,0.21,6.20,0.48,0.00
Mmu-Mir-1249_pri,29.04,2.79,216.59,51.97,6.10,3.60,0,6.56,0.41,0,0.21,38.94,0,0.00,1.49,205.84,33.78,0
Mmu-Mir-1251_pri,0,0.43,0.56,0.40,0.68,0,0,0,0,0,0,0,0,0,0,3.31,0,0
Mmu-Mir-1271_pri,0,0
Mmu-Mir-1298_pri,0.02,173.22,329.40,397.25,0.68,0.72,0,0.35,0.21,0.24,46.26,0.34,0,0,0,153.35,0,0
Mmu-Mir-1306_pri,4.01,1.29,23.13,8.26,3.05,15.14,0.21,0.63,0.62,0.24,0.63,0.59,1.12,0.37,3.19,25.21,1.68,2.63
Mmu-Mir-1912_pri,0,2.14,3.38,1.41,0.34,0,0,0,0,0,1.67,0.02,0,0,0,0,0,0
Mmu-Mir-1929_pri,0.25,1.29,0,0.20,2.71,25.95,0,0.08,0.62,0,0.21,0.04,0.37,1.48,2.13,0,0.27,0
Mmu-Mir-1930_pri,0.41,0.43,0.56,0,1.02,0,0.21,0.13,0.41,0,0,0.11,0,0,0.21,0.83,0.12,2.63
Mmu-Mir-1933_pri,2.21,0.21,0.00,0.00,0.68,0.72,0,0.17,0.21,0.24,0,2.00,0,0,1.92,0.41,0.51,0
Mmu-Mir-1934_pri,0.09,0.64,0.28,0.00,4.07,28.83,0,0.06,0.82,0.24,0,0.00,0.37,0.37,1.92,0.00,0.08,2.63
Mmu-Mir-1941-v1_pri,0.18,0.43,1.41,0,0.68,2.16,0.21,0.00,1.44,0,6.88,0.08,0.37,0,2.98,0.41,0.36,0
Mmu-Mir-1941-v2_pri,0.18,0.43,1.41,0,0.68,2.16,0.21,0.00,1.44,0,6.46,0.08,0.37,0,2.77,0.41,0.36,0
Mmu-Mir-1943_pri,7.48,1.72,0.56,1.21,3.05,7.21,1.07,2.53,1.23,0,1.88,25.66,1.50,1.85,2.77,0.83,11.12,0
Mmu-Mir-1947_pri,5.84,3.64,0.85,0.20,3.73,15.86,0.43,2.28,4.73,0.47,1.04,3.59,2.24,1.85,1.49,1.24,2.47,7.90
Mmu-Mir-1948_pri,1.53,0,1.13,0.40,0,4.33,0.21,0.44,7.81,83.62,0.42,0.17,5.61,1.48,4.26,0.00,0.88,0
Mmu-Mir-1953_pri,0.14,0.21,0,0,0,7.21,0,0.06,0,0,0,0.01,0,0,0.43,0,0.02,0
Mmu-Mir-1955_pri,2.87,0,2.26,1.01,0.34,1.44,0,0.48,0.21,0,0.42,1.68,0.75,0,0.21,1.65,3.03,0
Mmu-Mir-1958_pri,0.07,0.21,0,0,3.39,5.77,0,0.06,0.82,0.94,0,0.09,0.75,4.06,0.64,0,0.05,0
Mmu-Mir-1960_pri,0.52,0,0.28,0,3.05,6.49,0,0.08,0.62,0,0,0.16,0.37,1.11,0.43,0.83,0.13,7.90
Mmu-Mir-1962_pri,0.00,0,0,0,0,0,0,0.02,0,0,0,0,0,0,0,0,0.00,0
Mmu-Mir-1964_pri,8.07,0,0,0.00,0,5.77,1.93,0.56,8.23,0.47,3.75,1.66,2.24,1.85,10.85,1.24,4.27,0
Mmu-Mir-3057_pri,3.28,1.50,3.67,2.01,1.69,10.81,0.21,1.29,0.82,0,0,5.01,0.37,0.37,0.21,2.48,1.31,0
Mmu-Mir-3058_pri,0.25,0,0.28,0.20,0,0,0,0.10,0.82,0,0,0.25,0,0.37,0,0.83,0.23,0
Mmu-Mir-3059_pri,0.07,0,23.69,10.27,0,0,0,0.02,0,0,0,0.05,0,0,0,34.31,0,0
Mmu-Mir-3060_pri,0.16,0.43,0.56,0.20,0.68,0,0,0.04,0.21,0,0.21,0.02,0.37,0.74,0,1.24,0.12,0
Mmu-Mir-3061_pri,1.80,1.07,9.59,8.46,1.36,1.44,0,0.54,0.21,0,0,6.57,0,1.11,0,12.81,0.90,0
Mmu-Mir-3066_pri,2.51,0.21,2.82,1.01,5.08,22.35,0.21,0.54,0.41,0.71,0.63,0.30,1.50,1.48,0.85,1.24,2.82,7.90
Mmu-Mir-3067_pri,0,0,0,0.40,0,0,0,0,0,0,0,0.02,0,0,0,0.41,0,0
Mmu-Mir-3068_pri,17.46,33.44,162.44,86.42,3.05,28.83,0.43,11.46,13.98,4.25,10.83,7.44,5.98,21.79,8.30,203.78,38.81,26.34
Mmu-Mir-3072_pri,0,0.00,68.25,15.71,3.39,20.90,0,0.19,0,0,0,0.20,0.00,0,0.21,42.99,0.02,0
Mmu-Mir-3073_pri,0,0,0,0.00,0,0.72,0,0.10,0,0,0,0.01,0,0,0,0,0,0
Mmu-Mir-3073-as_pri,0,0,0,0,0,0,0,0.10,3.29,0.24,0,0.05,0,0,0,0,0.00,0
Mmu-Mir-3075_pri,0.07,0,0,0.40,0,0,0,0.02,0,0,0,0.02,0,0,0,0,0.07,0
Mmu-Mir-3079_pri,0.43,0,0,0.00,0.34,20.18,0,0.10,0.62,0,0,0.04,0.37,1.11,1.06,0,0.50,0
Mmu-Mir-3080_pri,0.02,0,0.85,0.20,0,0,0,0,0,0,0,0.01,0,0,0.00,0.00,0,0
Mmu-Mir-3081_pri,0.02,0,0,0.20,0.00,0.00,0,0.15,0.21,0,0,0.00,0,0,0.21,0,0.07,0
Mmu-Mir-3085_pri,0.11,0.43,0.28,0,0,0.72,0,0.04,0,0,0,0,0,0,0.43,0.41,0.00,0
Mmu-Mir-3086_pri,0.34,5.36,6.49,4.63,0,45.41,0,0.31,0.82,0,0.21,0.67,0,0.37,0.64,4.55,1.21,2.63
Mmu-Mir-3090_pri,0.02,0,0,0,0,0,0,0.02,0,0,0,0.01,0,0,0,0,0.02,0
Mmu-Mir-3091_pri,0.16,0,0,0,0.00,0.72,0,0.06,0,0,0,0,0,0,0,0.00,0.23,0
Mmu-Mir-3092_pri,0.14,0,0,0,0.68,2.88,0,0.08,0,0,0,0.02,0,0,0,0,0.01,0
Mmu-Mir-3093_pri,0,3.22,2.82,2.42,0,0,0,0,0,0,0,0,0,0,0,4.55,0,0
Mmu-Mir-3095_pri,0.09,15.86,0.56,0.20,50.15,23.07,0.43,0.61,1.65,0.71,2.50,0.17,4.11,3.32,7.87,2.07,0.36,5.27
Mmu-Mir-3098_pri,1.69,0,1.13,0.20,0,0,0,0.31,0,0,0,0.96,0,0,0.21,4.13,0.86,0
Mmu-Mir-3099_pri,0,34.94,48.23,11.48,0.34,3.60,0,0.06,0.21,0,0,0.14,0,0,2.55,19.01,0.01,0
Mmu-Mir-3101-v1_pri,0.00,0,0,0,0.68,0,0,0.00,0,0,0,0,0,0,0,0,0.00,0
Mmu-Mir-3101-v2_pri,0.00,0,0,0,0.68,0,0,0.00,0,0,0,0,0,0,0,0,0.00,0
Mmu-Mir-3105_pri,0,0.00,3.38,10.48,0.68,0,0,0.38,0.62,0.47,0.21,0,0,0.00,0,3.31,0,0
Mmu-Mir-3109_pri,0.25,0,0.00,0.00,1.69,2.16,0,0.23,0,0,0,0.04,0.37,0,0.21,0,0.04,2.63
Mmu-Mir-3110_pri,0.16,0,0,0,0,0,0,0.02,0,0,0,0.01,0,0,0.21,0,0.18,0
Mmu-Mir-3112_pri,0.18,0,0,0,0,0.72,0,0,0.21,0,0,0,0,0,0.21,0,0.05,0
Mmu-Mir-5621_pri,0.07,0.21,0.28,0.20,0,0,0,0,0,0,0,0.15,0,0,0,0.41,0.02,0
Mmu-Mir-5626_pri,0.02,0,0.56,1.01,0,0,0,0,0,0,0,0,0,0,0,0.41,0.01,0
Mmu-Mir-6715_pri,0,0.64,0.56,0,0,0,0.21,0,0,0,0.42,0.02,1.50,0,0.43,1.24,0,0
Mmu-Mir-7211_pri,0,0.64,0,0.00,0,1.44,0,0,0,0,0,0,0,0,0,0,0,0
Mmu-Mir-7220_pri,0.00,0.43,1.41,0,0,0,0,0.00,0,0,0,0.00,0,0,0,0.41,0,0
Mmu-Mir-7647_pri,0.05,0.21,0,0,0.68,1.44,0,0.00,0.21,0,0.42,0.02,0.37,0.37,0.21,0.00,0.01,2.63
